0 0 0
100 1.1475377779280809 2
200 1.2729600227154179 2
300 1.111414543068332 2
400 1.144568733674531 4
500 1.2345492906305262 5
600 1.218220379914233 5
700 1.2436958470776043 8
800 1.2048544281018505 9
900 1.179221463169807 10
1000 1.2064664830994194 14
1100 1.2162028551463422 16
1200 1.1918264810638588 21
1300 1.155279210269737 23
1400 1.1904479989287764 26
1500 1.2393042812125976 30
1600 1.2444188900576418 34
1700 1.199169677624898 39
1800 1.1989924026991783 43
1900 1.182737418889224 49
2000 1.2020872424239268 53
2100 1.1911322376799491 60
2200 1.215725517081085 64
2300 1.2015275816727273 70
2400 1.1697828370702548 76
2500 1.1532993061665833 84
2600 1.1863506170622886 92
2700 1.1721217301178184 98
2800 1.2157484666792047 112
2900 1.1978022674441307 115
3000 1.1557512498047695 121
3100 1.1866085671179682 128
3200 1.2001084229049122 137
3300 1.2122443077920757 145
3400 1.2261068266380986 153
3500 1.188718020943461 164
3600 1.2109193583295597 174
3700 1.1834103121028392 184
3800 1.1981756962294088 193
3900 1.2096391571092295 203
4000 1.1809641750663618 214
4100 1.186893301178375 223
4200 1.208763341614374 235
4300 1.2199643074998927 244
4400 1.1785288338077649 256
4500 1.2265486202995075 269
4600 1.218210648647705 281
4700 1.1995177137749646 294
4800 1.2027161043783183 309
4900 1.2242318330146436 320
5000 1.2239209752706888 334
5100 1.1978119325049634 346
5200 1.221984486649622 364
5300 1.19985025531552 373
5400 1.181154527365873 388
5500 1.2111923474282 404
5600 1.1886802548099413 419
5700 1.1593133241177576 433
5800 1.2078209519206893 447
5900 1.20361189445065 466
6000 1.2117538924517863 478
6100 1.183308582314159 499
6200 1.2156292329841407 512
6300 1.2246693507091808 530
6400 1.2046374690267059 545
6500 1.1882668301357406 564
6600 1.2147936467332725 580
6700 1.1567149586782999 598
6800 1.2271003728656358 617
6900 1.2030397243124684 634
7000 1.213607139510183 654
7100 1.2045763883547052 677
7200 1.2008923869510786 690
7300 1.215599659418581 711
7400 1.2027794745891018 733
7500 1.206418062922952 749
7600 1.2156338729752354 772
7700 1.1959178413462759 790
7800 1.1877399358529803 811
7900 1.188240099024147 829
8000 1.217863495784202 857
8100 1.1652282733510702 876
8200 1.2026345215250922 898
8300 1.2003295615369365 919
8400 1.1800198462188285 943
8500 1.200417139707452 965
8600 1.1601066088006577 987
8700 1.2186091305044044 1011
8800 1.20482023945047 1033
8900 1.2088671365598942 1062
9000 1.2124891699154017 1080
9100 1.1968466033937482 1102
9200 1.21116909638892 1129
9300 1.2199205952503194 1156
9400 1.207994307558311 1180
9500 1.1937033990571257 1201
9600 1.2155673781483918 1230
9700 1.1948696956529656 1253
9800 1.1858076535292787 1286
9900 1.230621314931828 1306
10000 1.2067768744072158 1343
10100 1.1991791801334155 1382
10200 1.2122976619711632 1388
10300 1.1773990978599955 1527
10400 1.1858871963376778 1474
10500 1.2050732110832243 1481
10600 1.2041972527314369 1506
10700 1.2044401245115293 1675
10800 1.1960138982547717 1556
10900 1.2137255482378666 1592
11000 1.1802884216453453 1617
11100 1.2046777491362195 1643
11200 1.2143274659245589 1675
11300 1.1918843944377744 1707
11400 1.2124818767268803 1735
11500 1.2132048024794706 1766
11600 1.2119425734446048 1800
11700 1.1882497760429385 1833
11800 1.197773679886239 1862
11900 1.1979007096866927 1894
12000 1.1957066782507901 1928
12100 1.19795552529912 1963
12200 1.2080913885551956 1989
12300 1.2012464023873632 2016
12400 1.1954910994922519 2065
12500 1.210011241515129 2301
12600 1.20376336522237 2185
12700 1.212021551369932 2167
12800 1.2164711353430162 2218
12900 1.2117887441947188 2240
13000 1.1915390409338227 2278
13100 1.1874714588118698 2414
13200 1.2252975899944258 2532
13300 1.2078257624258215 2646
13400 1.1989604475686524 2400
13500 1.2040456708750513 2440
13600 1.1890093885017252 2471
13700 1.199704889449013 2508
13800 1.2122143949534956 2543
13900 1.205083115608085 2583
14000 1.2201673444391665 2616
14100 1.1909572012083067 2655
14200 1.2050700646154247 2693
14300 1.2059599144432576 2733
14400 1.2013776189379344 2770
14500 1.1991322614645705 2806
14600 1.1922761212771409 2843
14700 1.1865507277056686 2900
14800 1.2046686790131096 2978
14900 1.2166406095718365 2989
15000 1.2057154300504882 3011
15100 1.194156588869449 3049
15200 1.2040476837563934 3087
15300 1.2086868586851418 3120
15400 1.190896158289703 3173
15500 1.1902237798925692 3210
15600 1.2033943987960627 3285
15700 1.2005655225015173 3286
15800 1.194211693996233 3334
15900 1.2018306070450349 3369
16000 1.218899132819582 3413
16100 1.1979574905685069 3463
16200 1.210517780202855 3495
16300 1.2071408772316872 3548
16400 1.2222466940941428 3588
16500 1.2036796654922135 3676
16600 1.21464452913994 3698
16700 1.2017603875445368 3720
16800 1.2047365107157222 3756
16900 1.1951368020031228 3802
17000 1.2002796924678525 3851
17100 1.1775539140215832 3907
17200 1.222497408717169 3934
17300 1.2134413406321531 4104
17400 1.2006034044712859 4253
17500 1.1872539360333316 4383
17600 1.2226155798571394 4190
17700 1.200847589023787 4175
17800 1.185090428275021 4216
17900 1.2032032015190994 4263
18000 1.2086017644499676 4312
18100 1.1982236402352502 4380
18200 1.1795713210537637 4425
18300 1.199057552344856 4459
18400 1.2140901884542132 4520
18500 1.2012288538837952 4655
18600 1.210902392450472 4599
18700 1.1896344235440968 4659
18800 1.1983567572157812 4706
18900 1.1947289361073725 4753
19000 1.1895873857829593 4881
19100 1.2057901186399491 4851
19200 1.1979929668690925 4903
19300 1.1958174820519276 5614
19400 1.1924328869393621 5163
19500 1.1896302462437724 5109
19600 1.215853445378162 5126
19700 1.2074029142099816 5179
19800 1.1922780337495769 5227
19900 1.1858023509625335 5305
20000 1.2125612978009095 5322
20100 1.2157727882762597 5375
20200 1.205145210779707 5438
20300 1.2069099227381015 5470
20400 1.1934682526167477 5543
20500 1.1910669328380672 5589
20600 1.2029827708102707 5650
20700 1.210578675532271 5707
20800 1.2004320628811964 5759
20900 1.2045507723241915 5811
21000 1.211405423102554 5871
21100 1.2007956529517156 5919
21200 1.2087128875734423 5984
21300 1.1950760912172926 6034
21400 1.204189310415671 6093
21500 1.2048641391289634 6198
21600 1.199319781692306 6209
21700 1.1845550648513985 6268
21800 1.2116425057799463 6330
21900 1.2033237183351968 6393
22000 1.1841847155914351 6443
22100 1.2115545265031187 6496
22200 1.192331594985554 6555
22300 1.2084429571938016 6608
22400 1.2187554159553047 6677
22500 1.1940426181903814 6747
22600 1.1952406463540388 6786
22700 1.2062561657755186 6866
22800 1.1875762643702856 6921
22900 1.1985406394294449 6973
23000 1.1978548834192562 7038
23100 1.2124179694417059 7102
