0 0 0
100 11.879099403564984 2
200 16.846954557766082 5
300 20.290564130830916 10
400 23.518052614645423 15
500 25.7115047965337 2
600 28.156655703395025 3
700 31.302778577464817 3
800 32.72336344367811 3
900 34.4208288351519 4
1000 36.142842972216954 4
1100 38.3800086666241 2
1200 40.30247587329774 2
1300 41.539156066030046 3
1400 42.56046334793808 3
1500 44.80682339540656 3
1600 46.190601622594066 4
1700 47.04579764539801 4
1800 49.16404848915226 4
1900 49.772629799526676 6
2000 51.24778535537248 5
2100 51.862299913555205 6
2200 53.62119116669768 7
2300 55.826413690628016 7
2400 56.4875473470853 8
2500 57.39146766928804 9
2600 58.66520869860707 9
2700 59.268994271149545 9
2800 60.03887838162093 9
2900 61.11577162099989 11
3000 63.15996941128448 11
3100 63.64480433063067 13
3200 64.47154963404431 13
3300 65.9847700747365 14
3400 66.11545484839786 15
3500 66.54435896172683 15
3600 68.70371166189967 18
3700 69.64637238430161 18
3800 70.62787639895697 17
3900 71.04794710621971 19
4000 72.51173012337928 21
4100 72.99397234843129 20
4200 74.4209831214504 24
4300 74.66243136418245 21
4400 75.29034260799553 23
4500 76.63269534054012 24
4600 77.11933077804653 26
4700 78.62309163244662 32
4800 79.1942205179342 30
4900 78.80600624884109 28
5000 79.82212787832277 29
5100 81.6831935780843 35
5200 81.96969634499385 31
5300 82.35131308497009 35
5400 83.4579460660462 37
5500 85.0687537411598 35
5600 85.48001469896232 37
5700 85.97046471927716 37
5800 86.44297201635918 38
5900 87.27091669985255 41
6000 88.50985813892392 44
6100 89.14606705510789 56
6200 89.58048737542222 46
6300 90.39055158690768 50
6400 91.37372824887547 50
6500 92.16243857900938 52
6600 92.93609264027062 53
6700 92.95494871741184 55
6800 94.90106958535704 55
6900 94.42894623728567 60
7000 95.91479314462796 57
7100 95.35266781792659 64
7200 96.90123522006219 63
7300 97.81342276354432 61
7400 97.96627231193038 63
7500 98.5304323755334 75
7600 99.75158178392319 71
7700 99.77603352067801 66
7800 100.222238983722 73
7900 101.57663975656435 72
8000 101.20868525129367 80
8100 102.41257622534347 86
8200 103.11596122772083 75
8300 103.91896631127483 78
8400 104.36804599409801 83
8500 104.76564906584413 81
8600 105.44518692263551 92
8700 106.3408813212322 91
8800 106.6523771690459 87
8900 107.23190517769844 90
9000 107.54331498697819 94
9100 108.99459020036437 96
9200 108.47495174005496 92
9300 109.7778417417886 100
9400 109.73893492423585 100
9500 110.40066991378801 103
9600 111.82285009364469 100
9700 111.7162037858008 110
9800 112.8546862769117 105
9900 113.12551002797579 114
10000 114.37157638923698 122
10100 113.93549138704809 117
10200 114.49905683339698 117
10300 115.6647091766396 117
10400 116.4981869788489 123
10500 116.18041182761289 125
10600 116.60818169628918 128
10700 117.74040920244592 133
10800 118.20310725875349 131
10900 118.4009276444859 134
11000 119.27768596387692 137
11100 119.67713969234889 146
11200 120.68409848917794 161
11300 120.67196743167493 143
11400 120.98449813337483 148
11500 121.81251133548321 146
11600 122.29753476487112 154
11700 122.45330951808263 156
11800 123.78516424932704 158
11900 124.39888727437074 151
12000 124.81555162959265 155
12100 125.07497655462959 165
12200 125.4691416889055 161
12300 126.18012156324951 176
12400 126.14548826530773 169
12500 126.48729306571602 175
12600 128.0283381153592 172
12700 127.54419873804247 177
12800 128.64059348790147 180
12900 129.71014955131446 190
13000 130.03104110877985 181
13100 130.26935797528753 184
13200 130.96206146726115 185
13300 130.8056529074656 189
13400 130.69437046038504 192
13500 132.05645470706884 195
13600 132.15737531700407 204
13700 133.18689747339587 209
13800 133.69699646567452 212
13900 133.70595918277434 217
14000 134.22505235683056 208
14100 135.90203088788707 224
14200 135.10087026366213 216
14300 135.75181094545601 221
14400 136.80335255454514 232
14500 137.09178726320283 224
14600 137.51512396013283 240
14700 137.57432840360508 226
14800 138.1410107581876 234
14900 138.08308952101083 247
15000 138.89872754123695 243
15100 139.23941499045245 243
15200 140.1315100753189 261
15300 140.52041308192878 262
15400 140.62592259653178 254
15500 141.61414370797678 262
15600 141.880081791005 265
15700 142.2992927618421 258
15800 142.2403358641585 262
15900 143.50188094238365 278
16000 143.12834091517934 282
16100 143.60791117835888 274
16200 144.70691286172305 281
16300 145.04744533387858 289
16400 145.5762055671304 279
16500 145.93897863521715 292
16600 146.697865521714 285
16700 147.2652887686267 305
16800 147.06396100767634 307
16900 147.66004257579075 333
17000 148.104658545987 348
17100 148.72189823542772 305
17200 149.02575684654883 303
17300 149.82257837154043 325
17400 149.6063433508552 321
17500 149.99015120695987 357
17600 150.69901306264097 340
17700 151.65145973064492 334
17800 152.053214440866 335
17900 152.2940835988491 349
18000 152.48205044004723 338
18100 153.3195867815708 370
18200 152.72799146452388 357
18300 153.0743063140866 365
18400 153.8362946320353 381
18500 154.64178663073176 368
18600 155.07899964819006 371
18700 154.9448956344716 382
18800 155.84249939096858 381
18900 156.0981833851842 387
19000 157.00753273816474 382
19100 156.67825427967423 399
19200 157.64448881003395 402
19300 157.9026072114554 401
19400 158.7452398497555 400
19500 159.05343206328942 408
19600 159.52723082917723 410
19700 159.7692267849523 431
19800 160.10409411908046 422
19900 160.93470622671242 409
20000 160.43781563331575 427
20100 160.9413389892511 435
20200 161.01834076848777 427
20300 162.39709903912302 448
20400 162.29623502967056 423
20500 162.8429389272767 434
20600 162.9060003820785 429
20700 163.78943347330176 447
20800 164.2903163690409 468
20900 163.68320148697956 449
21000 164.52541833308686 464
21100 164.80240016778944 480
21200 165.32751141146815 491
21300 165.6980562917964 487
21400 166.33212835975942 495
21500 166.3861228460986 494
21600 166.8042310307703 504
21700 167.52145653303936 505
21800 167.83344337599172 499
21900 167.99033556999484 486
22000 168.39761348581098 522
22100 169.21665410306707 504
22200 169.11706389609716 505
22300 169.40076872267252 509
22400 170.43372860032872 507
22500 170.5393152210234 530
22600 170.30034458760775 535
22700 171.0169044286223 544
22800 171.64650034814133 534
22900 172.13192581822332 550
23000 172.31649347713014 556
23100 173.01478619317976 578
23200 173.06001185549906 560
23300 173.3496198987434 550
23400 173.85186014933197 572
23500 173.69697404696998 581
23600 174.45211373026612 609
23700 175.23461250211787 583
23800 174.8656973678913 582
23900 174.71724137192942 598
24000 176.64103493802872 629
24100 176.19930246946677 609
24200 176.3605500642173 600
24300 177.29749330545516 642
24400 176.8735014112628 641
24500 177.32226852899237 638
24600 178.09345453320358 619
24700 177.95516134337882 629
24800 178.37532576965654 643
24900 179.21196574093318 656
25000 179.53197040904132 644
25100 179.49348522782373 639
25200 180.8512401586807 651
25300 180.76409774364777 668
25400 180.21373615636656 666
25500 181.4585431690172 696
25600 181.57348655462167 715
25700 181.76262812090658 712
25800 182.02856345942837 704
25900 182.48473691284818 718
26000 183.4879437195269 692
26100 183.5808665756055 726
26200 183.66517015272103 701
26300 184.73722766996173 711
26400 184.29117691038678 727
26500 184.65334304766913 740
26600 185.23277582008566 714
26700 185.94521906074112 746
26800 185.61016540712268 757
26900 186.7640250082339 727
27000 186.60943369822962 770
27100 187.24872534531508 740
27200 187.00353916754722 785
27300 187.73756907812788 770
27400 187.25232365700657 781
27500 188.19937572040632 775
27600 188.012249719297 782
27700 189.40627268570145 810
27800 189.05361857802893 777
27900 189.2774215100241 787
28000 190.4756502983783 798
28100 189.83690806742263 820
28200 190.97254531285847 829
28300 190.60637016083885 830
28400 191.40241378885838 845
28500 192.15852402072798 838
28600 191.59634662427132 838
28700 192.4782207927946 860
28800 192.3040789878791 846
28900 192.32840482374644 874
29000 193.3887038770051 898
29100 193.44127976740327 919
29200 193.85357713353656 987
29300 194.92240489697875 908
29400 195.20588109609588 907
29500 194.97895375708595 876
29600 194.9150496319602 899
29700 195.40156829575983 952
29800 196.528675756789 992
29900 196.20533671596667 910
30000 196.52928128167073 945
30100 197.07860732770413 962
30200 197.58894612869656 957
30300 197.68551993142273 934
30400 197.81006454618486 957
30500 197.3966882045805 934
30600 198.33756895429886 964
30700 198.84842435980536 981
30800 198.8289476493109 1006
30900 199.03790926099396 965
31000 199.82767580427503 1000
31100 200.38050210430453 974
31200 199.4025206561193 998
31300 201.59418934056626 1030
31400 201.11845991486635 1040
31500 201.1993668281967 991
31600 202.1447150865412 1062
31700 202.48642695110186 1035
31800 202.4073774487229 1054
31900 202.40648311108023 1030
32000 202.72432204522187 1065
32100 202.81575537404495 1036
32200 203.09524976782643 1063
32300 203.67048806732885 1061
32400 204.51196276808804 1083
32500 204.43496992242248 1118
32600 205.1700502647155 1082
32700 204.93903952193116 1097
32800 205.43636155826903 1133
32900 205.6847723260503 1072
33000 206.10968169820384 1118
33100 206.71366959370943 1086
33200 206.5639874060229 1123
33300 207.19756076442118 1151
33400 206.4539273024531 1119
33500 207.75319576404328 1144
33600 208.0171498008626 1167
33700 208.1866051440015 1139
33800 208.88723209537753 1143
33900 208.82860017769522 1138
34000 209.411606553421 1159
34100 209.43340956215866 1213
34200 210.08006798152246 1203
34300 210.17517790844133 1228
34400 210.95496151609777 1181
34500 209.94051350578042 1223
34600 210.97968534346685 1226
34700 211.51094067489498 1244
34800 211.35788473984852 1225
34900 211.75247993729957 1264
35000 213.0518098986466 1229
35100 212.73974887435446 1283
35200 212.68623205653967 1230
35300 212.94088538094286 1273
35400 213.84553513958016 1297
35500 213.67523853853115 1259
35600 213.78482231495624 1336
35700 214.34983503225877 1309
35800 214.47224724773483 1334
35900 214.65779717651017 1341
36000 215.16282195998366 1328
36100 215.7913146843103 1323
36200 216.17786564892708 1334
36300 216.58472332798974 1377
36400 216.06308174294765 1360
36500 216.72467172636328 1335
36600 216.49764207297954 1390
36700 217.2837795431876 1401
36800 217.28920251748536 1398
36900 218.07533927318025 1386
37000 218.0942740672283 1376
37100 218.43948265929117 1429
37200 218.60440643619623 1363
37300 218.97339875628398 1410
37400 219.36834316648557 1392
37500 219.63887111877827 1392
37600 220.17870803744938 1462
37700 220.37493669622626 1482
37800 219.7173432684008 1437
37900 220.50671477953833 1466
38000 220.91447471177997 1431
38100 221.43916854259857 1475
38200 221.1234654456426 1504
38300 222.31958882593088 1515
38400 222.1803942374572 1524
38500 222.2460153518325 1491
38600 223.50477048958118 1480
38700 223.25602051352544 1536
38800 223.83052835624764 1521
38900 223.767331359425 1585
39000 224.02636329248213 1514
39100 223.7617425596972 1565
39200 224.87319886772264 1550
39300 224.76790183170542 1584
39400 225.28293043015327 1600
39500 225.83302737532034 1565
39600 225.98964197757067 1602
39700 226.60966275821863 1641
39800 226.6202760150229 1644
39900 226.08999118193228 1579
40000 226.9972573721798 1647
40100 227.20837245499374 1642
40200 227.24334612626086 1619
40300 227.59255173084682 1597
40400 228.038236879884 1619
40500 228.53684407740457 1682
40600 228.106490616346 1713
40700 228.72901869152477 1678
40800 229.593122448488 1688
40900 228.98946436840149 1720
41000 229.62189205036543 1734
41100 229.58910961590723 1704
41200 229.2132408774042 1689
41300 230.08116117373044 1702
41400 231.3935595838327 1718
41500 230.90128477495574 1687
41600 231.099158877324 1706
41700 231.322692629906 1760
41800 232.03415537700667 1738
41900 231.98001201123557 1785
42000 232.60688224672745 1771
42100 232.49928157429932 1770
42200 232.90669522146388 1769
42300 232.70336453892548 1829
